#deltat w1 w2 w3 s1 s2 s3
0 -0.548248 -0.638032 0.00708853 10 10 10 
0.01 -0.615234 -0.720808 0.0683385 8.8493 8.66441 10.1457
0.02 -0.651993 -0.749757 -0.0233489 8.79151 8.62128 9.96935
0.03 -0.710373 -0.743296 -0.0186745 8.69641 8.63934 9.98666
0.04 -0.785446 -0.757719 0.128882 8.57367 8.62135 10.294
0.05 -0.806094 -0.783789 0.11506 8.54517 8.58338 10.2738
0.06 -1.06043 -0.726047 0.111449 8.12787 8.69002 10.2746
0.07 -1.08305 -0.654546 0.269175 8.09766 8.82224 10.6124
0.08 -1.12228 -0.536269 0.448487 8.04081 9.04065 11.0087
0.09 -1.19541 -0.599251 0.655556 7.93039 8.93463 11.4833
0.1 -1.28571 -0.425697 0.793865 7.79469 9.25761 11.8149
0.11 -1.32325 -0.456128 0.919222 7.74258 9.2088 12.1245
0.12 -1.35063 -0.460761 0.999121 7.70645 9.20763 12.3297
0.13 -1.29664 -0.452176 1.13465 7.79636 9.23084 12.6786
0.14 -1.29525 -0.377039 0.977159 7.80476 9.3781 12.2953
0.15 -1.31899 -0.34339 0.969199 7.77401 9.44898 12.2856
0.16 -1.37308 -0.481433 1.14085 7.69653 9.19903 12.7248
0.17 -1.33127 -0.328938 1.2095 7.76737 9.49151 12.9111
0.18 -1.39012 -0.197263 1.1262 7.68262 9.75259 12.7079
0.19 -1.31273 -0.277615 1.11766 7.80871 9.60479 12.6964
0.2 -1.16311 -0.237838 1.4515 8.05235 9.68925 13.5839
0.21 -0.983014 -0.06221 1.51825 8.35435 10.0437 13.7775
0.22 -1.08803 -0.029273 1.56376 8.18726 10.1181 13.9146
0.23 -1.32273 -0.0906629 1.34758 7.81808 10.0027 13.3364
0.24 -1.42287 -0.13689 1.26582 7.6692 9.91855 13.1307
0.25 -1.40443 -0.176381 1.09887 7.70369 9.8484 12.7096
0.26 -1.49894 -0.176024 1.21444 7.56549 9.85698 13.0172
0.27 -1.3112 -0.164804 1.23256 7.86125 9.88703 13.0749
0.28 -1.18337 -0.107699 1.18547 8.07128 10.0086 12.9627
0.29 -1.13703 0.0940338 1.40044 8.15294 10.429 13.543
0.3 -1.17414 0.0196047 1.27237 8.09913 10.2831 13.2111
0.31 -1.31301 -0.0186421 1.4205 7.88359 10.213 13.6193
0.32 -1.44617 -0.12347 1.40612 7.68254 10.0091 13.591
0.33 -1.42809 0.110022 1.44129 7.71655 10.4959 13.6979
0.34 -1.39095 0.037911 1.61397 7.78031 10.3539 14.1906
0.35 -1.42729 0.228128 1.65473 7.73014 10.764 14.3182
0.36 -1.52743 0.256727 1.62113 7.58292 10.8344 14.2337
0.37 -1.4367 0.388298 1.70056 7.72796 11.1322 14.4732
0.38 -1.47627 0.445571 1.63712 7.67318 11.2695 14.3021
0.39 -1.52981 0.521987 1.65642 7.59752 11.4522 14.3689
0.4 -1.57533 0.570894 1.60967 7.53471 11.574 14.2466
0.41 -1.57123 0.621375 1.89231 7.54692 11.7008 15.0872
0.42 -1.6374 0.556875 2.06888 7.45367 11.5601 15.642
0.43 -1.48603 0.591067 2.06106 7.68891 11.6487 15.6301
0.44 -1.50365 0.349494 1.96495 7.668 11.1082 15.3448
0.45 -1.50554 0.345341 1.95154 7.67123 11.1079 15.3159
0.46 -1.49385 0.414792 1.88417 7.69534 11.2722 15.123
0.47 -1.49963 0.398979 1.88546 7.6926 11.2456 15.139
0.48 -1.36331 0.262934 1.98236 7.91155 10.9525 15.4477
0.49 -1.46979 0.323981 2.01451 7.75105 11.096 15.5598
0.5 -1.44144 0.395411 1.9919 7.80135 11.2646 15.5019
0.51 -1.42284 0.494612 1.94783 7.83669 11.4995 15.3782
0.52 -1.49232 0.362492 2.04265 7.73474 11.2086 15.6852
0.53 -1.52637 0.26679 2.16863 7.68839 11.0049 16.0983
0.54 -1.69372 0.383158 2.17364 7.44127 11.2731 16.1273
0.55 -1.65386 0.605542 2.31653 7.50682 11.7952 16.6081
0.56 -1.676 0.553676 2.1748 7.47964 11.6828 16.1569
0.57 -1.7544 0.545633 2.09062 7.36917 11.6734 15.8999
0.58 -1.62978 0.52445 2.03953 7.5612 11.6333 15.7508
0.59 -1.70747 0.576487 2.24474 7.45057 11.7645 16.4238
0.6 -1.61936 0.544594 2.27836 7.5891 11.699 16.5479
0.61 -1.6381 0.507866 2.28497 7.56675 11.6227 16.583
0.62 -1.58352 0.515417 2.27124 7.65593 11.6496 16.5508
0.63 -1.6287 0.368325 2.33658 7.59314 11.3209 16.7819
0.64 -1.56002 0.198929 2.2661 7.70432 10.9525 16.5603
0.65 -1.63354 0.274187 2.39614 7.59794 11.1275 17.0102
0.66 -1.55642 0.377694 2.32986 7.72221 11.3694 16.7997
0.67 -1.49187 0.461486 2.40732 7.82881 11.5708 17.0756
0.68 -1.52099 0.491304 2.50659 7.78958 11.6493 17.4319
0.69 -1.67 0.658414 2.36051 7.56692 12.0549 16.9435
0.7 -1.79608 0.636711 2.16938 7.3844 12.0123 16.3211
0.71 -1.80834 0.386065 2.20231 7.37221 11.4341 16.4421
0.72 -1.83163 0.418537 2.19156 7.34382 11.5178 16.4199
0.73 -1.8167 0.353781 2.1785 7.37168 11.3787 16.3902
0.74 -1.75613 0.367928 2.22425 7.46749 11.4201 16.5541
0.75 -1.82247 0.366067 2.34607 7.37497 11.4249 16.976
0.76 -2.0911 0.242486 2.1829 6.99478 11.1549 16.4441
0.77 -1.98423 0.180286 2.14718 7.15162 11.0258 16.3401
0.78 -2.05042 0.448056 1.95414 7.06322 11.6417 15.7338
0.79 -2.01163 0.406846 2.05112 7.12393 11.5554 16.0548
0.8 -1.842 0.283175 1.96532 7.37565 11.2821 15.7943
0.81 -1.72541 0.270223 1.84501 7.55571 11.2619 15.4311
0.82 -1.61506 0.231644 1.80748 7.7305 11.1843 15.328
0.83 -1.64666 0.210757 1.83976 7.68795 11.1466 15.4396
0.84 -1.62928 0.156076 1.78402 7.72088 11.0342 15.2807
0.85 -1.4912 0.0424199 1.82409 7.94343 10.7948 15.416
0.86 -1.49341 0.16374 1.79808 7.94627 11.0688 15.3483
0.87 -1.50526 0.0821695 1.85472 7.9338 10.8984 15.5355
0.88 -1.57174 0.135999 1.90973 7.83529 11.0252 15.72
0.89 -1.66402 0.331055 1.94261 7.69816 11.473 15.8363
0.9 -1.55901 0.386573 1.94998 7.86784 11.6104 15.8724
0.91 -1.44246 0.551255 1.98782 8.05983 12.0088 16.0058
0.92 -1.4547 0.561138 1.92755 8.04656 12.0421 15.8266
0.93 -1.37299 0.514765 2.01283 8.18569 11.9405 16.1118
0.94 -1.43624 0.412464 1.91888 8.08926 11.7081 15.8245
0.95 -1.43137 0.495977 1.90562 8.10363 11.9148 15.7953
0.96 -1.58222 0.563561 1.90477 7.86908 12.0866 15.8052
0.97 -1.55758 0.677911 2.04413 7.91428 12.3761 16.2649
0.98 -1.61279 0.535934 1.98563 7.83363 12.0392 16.0886
0.99 -1.50768 0.547369 2.00722 8.00646 12.0765 16.1712
1 -1.59009 0.662949 2.29102 7.88189 12.3688 17.1293
1.01 -1.57209 0.732149 2.26065 7.91665 12.5512 17.0392
1.02 -1.83729 0.83266 2.17007 7.51369 12.8163 16.7467
1.03 -1.9379 0.701145 2.22449 7.36991 12.4936 16.9435
1.04 -2.03195 0.757281 2.2285 7.23837 12.6447 16.9706
1.05 -2.17727 0.695136 2.20314 7.03664 12.4985 16.8983
1.06 -2.14229 0.733915 2.11872 7.09171 12.6059 16.6287
1.07 -2.09708 0.722082 2.12957 7.16186 12.5862 16.6781
1.08 -2.08448 0.868879 1.97434 7.18568 12.9716 16.1812
1.09 -2.08121 0.863275 1.74821 7.19612 12.9674 15.4781
1.1 -2.18192 0.884364 1.64086 7.05828 13.0327 15.1615
1.11 -2.17455 0.903434 1.58281 7.07434 13.0929 14.9984
1.12 -1.94586 0.971245 1.50052 7.41136 13.2823 14.7654
1.13 -2.05905 0.845171 1.60627 7.25126 12.962 15.0931
1.14 -1.83423 0.832309 1.71513 7.59082 12.939 15.4377
1.15 -1.77872 0.969807 1.85582 7.68171 13.3104 15.8909
1.16 -1.80184 1.03808 1.85776 7.65238 13.5042 15.9098
1.17 -1.82924 1.17172 1.85649 7.61666 13.8811 15.9185
1.18 -1.79869 1.1143 1.98253 7.66947 13.7336 16.338
1.19 -1.81377 1.13851 2.04677 7.65248 13.8113 16.5625
1.2 -1.95921 1.24636 1.97001 7.43906 14.1237 16.3232
1.21 -1.96687 1.333 1.88518 7.4336 14.3821 16.0614
1.22 -2.00921 1.24319 1.89238 7.37683 14.1374 16.0975
1.23 -1.98459 1.26468 2.0568 7.41917 14.2097 16.6489
1.24 -1.95809 1.26305 2.13084 7.46457 14.2164 16.9108
1.25 -1.90078 1.43805 1.90274 7.55665 14.7346 16.1696
1.26 -1.78726 1.41018 2.12393 7.73637 14.6644 16.9145
1.27 -1.83951 1.49262 1.90588 7.66207 14.9201 16.2057
1.28 -2.07361 1.52629 1.82122 7.31746 15.0329 15.9463
1.29 -1.99395 1.54286 1.81636 7.44093 15.0949 15.9436
1.3 -2.16071 1.37049 1.79659 7.20261 14.5951 15.8934
1.31 -2.18665 1.40695 1.81025 7.17107 14.7137 15.9496
1.32 -2.21917 1.41926 1.92441 7.13029 14.7617 16.331
1.33 -2.1343 1.56243 1.85318 7.25815 15.2027 16.1129
1.34 -1.98163 1.55286 1.84358 7.48918 15.1857 16.0949
1.35 -2.08085 1.54749 1.92524 7.3479 15.1816 16.373
1.36 -2.09793 1.51712 1.96392 7.32871 15.1017 16.5134
1.37 -2.14525 1.55935 1.96264 7.26548 15.242 16.5223
1.38 -2.07787 1.61251 2.07145 7.36995 15.4172 16.8994
1.39 -2.03244 1.62715 2.05661 7.44317 15.4748 16.8628
1.4 -1.91603 1.65362 1.95553 7.6246 15.5694 16.5385
1.41 -1.93238 1.62603 1.89363 7.60579 15.4961 16.3481
1.42 -2.02434 1.60045 1.90283 7.47316 15.4294 16.3913
1.43 -1.9425 1.70479 1.71992 7.60257 15.7674 15.8152
1.44 -1.99685 1.64927 1.74473 7.52638 15.6057 15.9066
1.45 -1.90873 1.5801 1.9356 7.66634 15.4037 16.5387
1.46 -1.78918 1.75314 1.84204 7.85813 15.9588 16.2451
1.47 -1.75139 1.73912 1.7537 7.92409 15.9269 15.9734
1.48 -1.59454 1.65797 2.00209 8.18314 15.683 16.8004
1.49 -1.7142 1.72829 1.90163 7.99603 15.9179 16.4794
1.5 -1.89769 1.65614 1.84685 7.71408 15.7024 16.3129
1.51 -2.01475 1.89977 1.76792 7.54161 16.4997 16.0702
1.52 -1.90932 1.93546 1.88215 7.70848 16.6311 16.4548
1.53 -1.83607 1.88041 1.71882 7.82849 16.4622 15.9387
1.54 -1.93939 1.95851 1.59799 7.67453 16.7347 15.5706
1.55 -1.87745 1.92937 1.60888 7.77641 16.6508 15.617
1.56 -1.78193 1.92478 1.55217 7.93275 16.6488 15.4533
1.57 -1.82908 1.94196 1.50453 7.86458 16.7195 15.319
1.58 -1.90692 1.86675 1.40668 7.74928 16.4831 15.0341
1.59 -1.79023 1.75353 1.46282 7.93862 16.1269 15.216
1.6 -1.75777 1.88174 1.47567 7.99672 16.559 15.2674
1.61 -1.6648 1.91927 1.47382 8.15332 16.6972 15.274
1.62 -1.65226 1.8806 1.55112 8.18033 16.5818 15.5244
1.63 -1.78137 1.88423 1.81041 7.97819 16.6071 16.3637
1.64 -1.76029 1.78439 1.8879 8.01831 16.2918 16.6326
1.65 -1.79748 1.77182 1.92305 7.96525 16.2639 16.7633
1.66 -1.7311 1.68002 1.95802 8.07817 15.9808 16.8945
1.67 -1.82 1.67062 1.91674 7.94215 15.9636 16.769
1.68 -1.94063 1.59556 1.98512 7.75904 15.7383 17.0135
1.69 -1.86498 1.50629 1.88652 7.88364 15.4722 16.6947
1.7 -1.87756 1.44832 1.96087 7.87012 15.3061 16.9583
1.71 -1.77832 1.47916 1.83705 8.03431 15.4131 16.5568
1.72 -1.58337 1.53234 1.94961 8.36045 15.5904 16.9473
1.73 -1.70993 1.43269 1.99784 8.158 15.295 17.1252
1.74 -1.69827 1.53624 2.18073 8.18359 15.6275 17.7775
1.75 -1.80194 1.6788 2.22038 8.02208 16.0924 17.9333
1.76 -1.78762 1.58766 2.3829 8.05151 15.8143 18.5407
1.77 -1.59757 1.77242 2.37405 8.37014 16.4228 18.5227
1.78 -1.55813 1.66872 2.30227 8.44318 16.0986 18.2733
1.79 -1.57685 1.8889 2.24816 8.41836 16.8368 18.091
1.8 -1.67379 1.8596 2.19045 8.26333 16.7518 17.8978
1.81 -1.73277 1.87634 2.25549 8.17296 16.8214 18.1466
1.82 -1.5785 1.76151 2.35192 8.4358 16.4527 18.5148
1.83 -1.56016 1.87571 2.25775 8.47358 16.8462 18.1839
1.84 -1.54492 1.88338 2.14933 8.50624 16.8856 17.8081
1.85 -1.55377 1.93626 2.10521 8.498 17.0788 17.6657
1.86 -1.47624 1.97387 2.10366 8.63771 17.2215 17.6744
1.87 -1.50843 1.97315 2.13366 8.58914 17.2328 17.795
1.88 -1.59916 1.91192 2.14234 8.44144 17.0367 17.8402
1.89 -1.62967 1.84573 2.18824 8.3968 16.8261 18.0191
1.9 -1.40883 1.77597 2.21852 8.78301 16.6062 18.1431
1.91 -1.15207 1.82421 2.21557 9.25321 16.7807 18.1469
1.92 -1.23756 1.73466 2.12951 9.10362 16.496 17.8515
1.93 -1.34762 1.71266 2.05707 8.91256 16.4367 17.6088
1.94 -1.39071 1.81067 1.92817 8.84314 16.7755 17.1744
1.95 -1.42006 1.7032 1.84906 8.79843 16.4319 16.9183
1.96 -1.32456 1.76925 1.98916 8.97526 16.6637 17.413
1.97 -1.37987 1.63335 1.77034 8.88364 16.2299 16.6807
1.98 -1.6003 1.58088 1.83688 8.50731 16.0733 16.9177
1.99 -1.64997 1.66025 1.81851 8.42995 16.3436 16.8691
